100000000000000000000000000000
100000010000000000000000000000
111111100000000000000000000000
000000010000000000000000000000
000000010000000000000000000000
000000010000000000000000000000
000000010000000000000000000000
000000010000000000000000000000
000000010000000000000000000000
000000010000000000000000000000
000000010000000000000000000000
000000010001100000000000000000
000000011110100000000000000000
000000000001000000000000000000
000000000001000000000000000000
000000000001000000000000000000
000000000001000000000000000000
000000000000000000000000000000
000000000000000000000000000000
000000000000000000000000000000
000000000000000000000000000000
000000000000000000000000000000
000000000000000000000000000000
000000000000000000000000000000
000000000000000000000000000000
000000000000000000000000000000
000000000000000000000000000000
000000000000000000000000000000
000000000000000000000000000000
000000000000000000000000000000
